20	1	#
21	3	###
22	1	#
23	0	
24	7	#######
25	4	####
26	0	
27	3	###
28	14	##############
29	4	####
30	0	
31	5	#####
32	0	
33	0	
34	4	####
35	5	#####
36	3	###
37	2	##
38	6	######
39	0	
40	5	#####
41	2	##
42	15	###############
43	18	##################
44	20	####################
45	13	#############
46	26	##########################
47	23	#######################
48	25	#########################
49	13	#############
50	25	#########################
51	14	##############
52	21	#####################
53	27	###########################
54	21	#####################
55	15	###############
56	23	#######################
57	16	################
58	11	###########
59	1	#
60	7	#######
61	0	
62	2	##
63	4	####
64	2	##
65	5	#####
66	4	####
67	0	
68	0	
69	5	#####
70	1	#
71	4	####
72	15	###############
73	5	#####
74	0	
75	3	###
76	5	#####
77	0	
78	0	
79	4	####
80	0	
