20	13	#############
21	10	##########
22	12	############
23	15	###############
24	1	#
25	2	##
26	1	#
27	3	###
28	4	####
29	2	##
30	0	
31	0	
32	1	#
33	0	
34	0	
35	0	
36	2	##
37	0	
38	0	
39	5	#####
40	7	#######
41	9	#########
42	1	#
43	1	#
44	0	
45	1	#
46	2	##
47	5	#####
48	4	####
49	10	##########
50	2	##
51	9	#########
52	6	######
53	4	####
54	3	###
55	0	
56	0	
57	1	#
58	0	
59	12	############
60	7	#######
61	3	###
62	0	
63	1	#
64	1	#
65	1	#
66	0	
67	0	
68	2	##
69	0	
70	0	
71	0	
72	3	###
73	3	###
74	1	#
75	7	#######
76	2	##
77	13	#############
78	12	############
79	13	#############
80	7	#######
