20	31	###############################
21	15	###############
22	9	#########
23	1	#
24	14	##############
25	11	###########
26	11	###########
27	3	###
28	0	
29	0	
30	1	#
31	0	
32	0	
33	0	
34	6	######
35	16	################
36	2	##
37	22	######################
38	1	#
39	3	###
40	0	
41	0	
42	0	
43	1	#
44	0	
45	2	##
46	3	###
47	0	
48	1	#
49	5	#####
50	6	######
51	6	######
52	0	
53	0	
54	3	###
55	2	##
56	0	
57	1	#
58	1	#
59	1	#
60	0	
61	4	####
62	1	#
63	21	#####################
64	0	
65	15	###############
66	6	######
67	0	
68	0	
69	0	
70	1	#
71	0	
72	1	#
73	5	#####
74	9	#########
75	13	#############
76	14	##############
77	1	#
78	10	##########
79	18	##################
80	24	########################
