20	25	#########################
21	6	######
22	13	#############
23	13	#############
24	22	######################
25	12	############
26	11	###########
27	14	##############
28	8	########
29	1	#
30	3	###
31	1	#
32	7	#######
33	4	####
34	2	##
35	5	#####
36	1	#
37	0	
38	0	
39	0	
40	12	############
41	0	
42	0	
43	0	
44	1	#
45	0	
46	0	
47	5	#####
48	0	
49	0	
50	0	
51	0	
52	1	#
53	5	#####
54	0	
55	0	
56	1	#
57	2	##
58	0	
59	2	##
60	11	###########
61	1	#
62	1	#
63	0	
64	1	#
65	7	#######
66	0	
67	5	#####
68	8	########
69	1	#
70	1	#
71	1	#
72	7	#######
73	20	####################
74	13	#############
75	13	#############
76	16	################
77	13	#############
78	14	##############
79	5	#####
80	21	#####################
