20	5	#####
21	18	##################
22	47	###############################################
23	19	###################
24	12	############
25	25	#########################
26	25	#########################
27	2	##
28	0	
29	0	
30	0	
31	0	
32	1	#
33	31	###############################
34	6	######
35	13	#############
36	7	#######
37	45	#############################################
38	2	##
39	0	
40	0	
41	0	
42	0	
43	6	######
44	16	################
45	12	############
46	2	##
47	12	############
48	0	
49	0	
50	1	#
51	0	
52	0	
53	14	##############
54	0	
55	12	############
56	14	##############
57	5	#####
58	1	#
59	0	
60	2	##
61	1	#
62	3	###
63	48	################################################
64	5	#####
65	12	############
66	5	#####
67	31	###############################
68	0	
69	0	
70	0	
71	1	#
72	0	
73	4	####
74	28	############################
75	22	######################
76	16	################
77	16	################
78	46	##############################################
79	13	#############
80	4	####
