13	6	7
20	6	14
27	13	14
30	14	16
30	14	16
30	14	16
30	14	16
34	14	20
33	13	20
11	2	9
174	44	130
137	45	92
145	45	99
160	70	89
166	82	84
169	84	85
178	82	96
192	80	112
254	63	189
212	51	161
199	52	146
349	100	244
421	116	305
11	4	7
116	26	90
123	31	92
161	56	105
124	29	95
239	115	124
280	56	224
330	70	260
241	53	188
241	52	188
205	52	152
204	52	152
191	52	138
190	53	137
179	52	127
168	52	115
167	52	115
167	52	114
255	116	139
191	94	96
188	90	98
187	86	100
194	79	115
174	70	99
173	68	105
144	45	99
139	37	101
126	58	68
60	26	34
58	26	32
41	13	28
11	2	9
171	35	134
235	92	143
231	91	140
230	90	140
204	77	127
191	73	116
189	75	113
188	75	113
154	44	110
139	50	80
137	46	85
134	51	81
124	46	75
105	41	61
99	36	60
57	18	28
70	18	52
79	24	54
80	25	54
126	62	63
120	50	68
120	49	68
149	71	74
155	65	87
156	67	86
185	77	108
192	78	112
198	81	109
198	80	117
209	58	150
214	57	154
215	58	156
244	86	157
233	99	133
94	31	60
89	34	55
92	19	68
92	30	54
94	29	65
90	23	66
88	21	63
87	20	67
84	30	45
83	35	36
82	30	39
85	40	44
23	8	14
16	6	10
14	3	11
64	22	31
64	22	40
65	22	43
72	29	43
72	29	43
72	21	51
81	33	48
81	33	48
81	33	47
80	33	47
80	33	47
79	33	46
79	33	46
77	33	44
77	33	44
78	33	45
78	33	45
79	33	45
78	33	45
78	33	45
77	33	43
176	69	107
190	90	100
201	93	106
202	92	106
228	109	114
233	50	183
231	52	179
194	73	120
48	17	31
34	6	28
24	4	20
56	26	30
58	28	30
68	23	45
68	24	44
68	24	44
68	22	45
141	44	97
136	39	97
134	37	97
133	36	97
132	35	97
96	38	58
96	38	58
120	36	84
119	35	84
116	32	84
116	32	84
114	30	84
111	27	84
111	27	84
110	26	84
110	26	84
110	26	84
109	27	82
110	27	82
110	30	80
108	26	80
125	40	85
122	26	96
90	41	46
91	38	45
99	37	53
124	34	90
123	33	90
123	30	90
142	28	113
113	54	59
173	38	135
90	24	65
134	29	102
108	21	87
108	32	76
134	40	94
151	46	105
183	62	121
130	50	80
118	23	93
137	30	107
147	29	115
12	5	7
11	4	7
86	18	68
84	16	68
110	49	61
107	46	61
107	46	61
106	45	61
106	45	61
106	45	61
105	29	76
12	2	10
12	6	6
15	6	9
19	6	13
144	53	84
137	48	83
95	21	74
93	23	70
94	21	73
82	25	57
80	21	59
78	22	56
88	37	51
79	17	61
79	35	44
79	26	41
55	23	31
55	24	31
13	2	11
22	8	14
22	8	14
23	8	15
23	8	15
31	14	17
49	24	25
49	24	25
155	75	79
373	82	291
494	123	369
291	58	231
259	93	166
16	3	13
10	2	8
12	2	10
10	2	8
10	2	8
10	3	7
11	5	6
10	3	7
86	24	62
88	24	64
88	24	64
220	83	137
199	75	107
91	34	57
107	49	55
145	68	77
19	3	16
39	10	29
45	21	24
78	23	55
79	23	56
11	5	6
69	22	47
69	22	47
71	22	49
78	27	51
79	27	52
80	28	52
81	31	50
96	37	59
99	48	51
126	49	77
195	49	146
202	63	139
203	48	155
234	68	165
295	80	215
358	92	266
466	126	340
748	169	576
586	236	349
434	177	257
400	183	217
343	170	172
285	116	169
248	51	194
256	55	201
290	90	200
465	203	249
441	190	251
428	168	260
331	161	163
259	90	169
250	81	169
233	62	171
234	62	172
232	55	177
232	62	170
240	55	185
258	65	191
262	79	181
270	90	180
311	141	167
344	158	186
342	144	198
466	180	286
443	89	354
443	89	352
445	91	353
429	128	301
403	126	277
258	108	150
285	107	178
110	43	67
122	47	75
193	86	107
187	53	132
174	49	125
119	33	86
111	32	79
106	29	77
107	30	77
103	50	53
104	48	56
136	38	98
126	25	94
14	2	12
16	3	13
16	5	11
13	6	7
10	5	5
15	4	11
15	4	11
14	2	12
11	5	6
11	5	6
12	6	6
16	5	11
19	7	12
21	5	16
41	15	26
42	14	28
12	2	10
119	34	85
119	26	86
119	25	86
169	48	121
166	48	118
163	48	114
163	48	115
163	48	115
160	48	111
158	48	110
163	48	115
163	48	115
162	48	114
161	48	113
161	48	112
161	48	113
160	48	112
160	48	111
160	48	112
157	48	109
160	48	109
148	41	106
123	26	97
115	24	91
136	46	90
140	50	90
139	47	90
95	20	74
139	54	85
139	54	85
139	54	85
140	55	85
140	38	86
141	52	89
140	57	82
141	68	73
108	45	63
107	44	63
107	44	63
106	43	63
104	41	63
104	41	63
104	41	63
104	41	63
104	41	63
104	41	63
105	42	63
105	42	63
104	39	62
107	47	55
117	28	89
102	25	77
109	42	60
94	19	75
93	18	75
94	19	75
94	19	75
93	18	75
94	19	75
94	19	75
90	40	50
85	35	50
81	31	50
81	31	50
80	30	50
80	30	50
79	29	50
79	29	50
79	29	50
79	29	50
77	27	50
77	27	50
76	26	50
76	26	50
76	26	50
73	23	50
73	23	50
73	23	50
74	23	50
125	33	92
89	18	71
97	19	64
73	14	57
72	14	58
105	27	77
102	27	75
77	29	48
75	27	47
75	28	47
75	27	47
75	28	46
78	30	47
94	34	60
94	34	60
93	33	60
91	31	60
91	31	60
92	31	60
92	32	60
91	31	60
92	32	60
93	33	60
93	33	60
92	31	60
91	31	60
90	30	60
91	30	60
102	38	64
117	31	86
121	31	90
116	27	88
112	22	89
112	23	89
114	25	89
115	26	89
115	26	89
90	24	61
89	24	63
79	15	64
76	23	53
78	25	53
79	26	53
79	28	51
79	28	48
80	34	41
114	34	79
110	47	63
98	47	51
98	44	54
98	44	54
98	44	54
97	43	54
97	43	54
97	43	54
97	43	54
97	43	54
97	43	54
97	43	54
97	43	54
97	43	54
97	43	54
97	43	54
98	25	73
97	24	73
97	24	73
97	24	73
97	24	73
96	23	73
96	23	73
166	77	89
91	38	53
92	39	53
91	38	53
91	37	53
93	40	53
93	40	53
94	41	53
94	41	53
93	40	53
93	40	53
92	39	53
93	40	53
94	41	53
93	40	53
92	39	53
95	42	53
95	42	53
72	23	49
72	23	49
72	23	49
72	23	49
71	22	49
71	22	49
70	21	49
70	21	49
70	21	49
70	21	49
69	20	49
69	20	49
68	19	49
68	19	49
67	18	49
67	18	49
67	18	49
67	17	49
91	19	72
99	48	51
95	24	66
63	21	42
62	21	41
61	21	40
61	21	40
60	21	39
59	21	38
57	21	36
56	21	35
55	21	34
53	21	32
52	21	31
52	21	31
52	21	31
52	21	31
52	21	31
52	21	31
50	21	29
50	21	29
50	21	29
50	21	29
50	21	29
50	21	29
50	21	29
47	21	25
47	21	26
47	21	26
46	21	25
44	21	23
44	21	23
44	21	23
42	21	21
40	19	21
40	19	21
98	32	66
98	32	66
96	32	64
96	32	64
95	32	62
95	32	63
95	32	63
94	32	61
93	32	60
96	32	60
94	32	62
94	32	62
94	32	62
94	32	61
93	32	61
92	32	60
91	32	59
91	32	55
93	32	61
91	32	59
91	32	53
102	23	79
90	19	70
93	23	70
92	21	71
90	25	62
87	31	56
87	34	53
85	28	55
90	18	71
94	18	76
94	34	59
94	35	59
92	33	59
91	32	59
90	31	59
89	30	59
87	28	59
85	26	59
85	26	59
85	26	59
84	25	59
82	23	59
33	12	18
33	12	21
29	12	14
29	12	15
83	26	57
81	24	57
81	24	57
80	23	57
106	30	76
96	22	74
96	22	74
95	21	74
79	32	47
78	31	47
78	31	47
77	30	47
77	30	47
77	30	47
77	30	47
77	29	47
77	30	47
77	30	47
76	29	47
75	28	47
75	28	47
75	28	47
75	28	47
75	27	47
75	28	47
74	27	47
59	12	47
59	12	47
59	12	47
60	13	47
60	13	47
60	13	47
61	16	45
62	13	45
135	56	70
145	61	81
286	135	151
292	141	151
277	124	153
276	123	153
285	129	156
305	145	160
308	147	161
297	139	158
297	139	158
300	140	160
320	158	162
341	169	171
233	115	116
251	114	137
252	120	132
326	78	247
409	82	325
226	47	179
225	48	177
247	65	182
204	53	150
123	38	85
347	173	174
187	57	123
187	60	123
289	133	156
299	126	173
301	107	191
371	120	251
402	172	229
400	171	229
408	178	229
238	65	173
115	33	82
48	20	28
44	14	30
28	7	21
23	6	17
57	12	45
77	19	53
78	20	56
117	32	83
118	28	77
199	45	152
265	74	189
301	81	220
293	101	179
301	80	212
374	118	253
374	113	194
283	61	221
225	47	173
109	21	81
109	21	84
102	36	65
104	35	61
110	36	66
114	56	57
168	73	94
191	63	128
316	100	216
349	106	243
228	93	131
223	107	114
223	108	108
223	107	115
213	103	110
213	103	110
212	73	132
210	99	111
210	99	111
202	92	110
202	91	110
202	91	110
201	86	110
182	83	99
113	36	77
127	49	78
128	46	82
137	50	87
148	29	119
147	29	118
176	38	138
218	67	151
220	70	150
247	105	142
378	155	223
360	179	181
355	157	183
349	153	196
412	105	306
505	206	297
518	226	291
530	250	275
493	117	376
493	114	379
494	104	390
495	116	378
492	118	372
397	186	211
306	143	163
300	142	157
309	151	158
284	141	143
323	158	164
309	152	157
284	140	144
364	167	197
321	160	161
303	131	172
226	84	142
323	150	173
263	99	163
198	48	150
186	44	142
204	50	154
130	34	96
131	26	105
129	27	102
129	31	96
132	32	97
124	55	69
104	22	82
139	68	71
186	78	107
187	68	116
143	30	113
26	10	16
21	5	16
14	2	12
11	2	9
11	4	7
11	4	7
11	2	9
12	2	10
12	2	10
12	3	9
13	2	11
14	3	11
14	3	11
17	4	13
121	35	86
231	92	139
224	99	125
226	93	133
144	68	75
115	29	86
119	27	87
101	23	78
118	36	82
117	36	81
118	36	82
117	36	81
113	36	77
111	36	75
109	36	73
109	36	73
109	36	73
110	36	74
109	36	73
106	36	70
105	36	69
104	36	68
105	36	69
106	36	70
107	36	70
84	36	45
84	36	48
83	36	47
81	36	45
85	36	49
86	36	50
87	36	51
88	36	52
89	36	53
91	36	55
91	36	55
132	40	91
107	35	72
107	35	72
107	35	72
104	32	72
102	30	72
101	29	72
98	26	72
97	25	72
97	25	72
97	25	72
96	24	72
95	23	72
95	23	72
96	24	72
97	25	72
152	72	80
153	72	81
154	72	82
153	72	81
154	72	82
137	64	72
138	66	72
138	66	72
139	67	72
151	33	118
151	33	118
148	41	107
146	39	107
144	37	107
142	35	107
142	35	107
142	35	107
142	35	107
142	35	107
140	33	107
138	31	107
138	31	107
138	31	107
139	32	107
140	31	107
200	93	107
195	88	106
181	71	110
176	66	110
183	64	119
285	141	144
282	136	145
279	127	152
312	156	156
306	148	157
330	164	165
311	155	156
302	143	159
288	137	151
397	94	303
399	95	304
399	95	301
85	42	43
84	42	42
49	14	35
55	20	35
114	48	66
110	47	62
205	67	137
209	67	141
208	67	141
208	67	141
215	68	146
216	68	148
220	68	152
224	68	155
224	67	156
214	68	146
216	74	141
259	62	197
250	57	193
243	57	186
209	57	152
209	57	152
211	58	153
232	71	160
229	76	153
225	76	149
225	76	149
227	78	149
262	65	197
265	94	171
201	42	159
213	42	171
246	53	193
289	111	178
293	76	217
301	126	175
358	88	270
389	128	260
486	115	369
529	128	395
585	152	432
569	150	338
590	245	345
814	285	527
764	197	566
749	213	535
754	166	586
599	272	325
584	264	320
533	126	406
533	251	282
543	246	296
280	120	156
66	29	37
66	30	36
66	30	36
66	30	35
66	30	36
65	30	35
86	22	63
86	40	44
87	21	66
93	18	74
117	32	83
36	9	27
13	2	11
59	11	48
105	39	63
113	22	91
118	26	91
118	24	94
120	25	94
141	29	98
123	35	85
122	35	82
53	22	31
55	26	29
58	28	30
61	30	30
63	12	51
122	37	84
156	35	121
155	52	103
155	52	103
155	52	102
153	59	92
145	55	89
144	53	89
139	32	107
44	21	23
23	9	14
21	4	17
22	5	17
31	10	21
32	10	22
38	12	25
42	9	33
42	9	33
43	14	29
38	9	29
24	5	19
16	4	12
44	15	29
87	42	45
84	22	62
91	28	63
96	30	66
96	41	55
100	30	70
100	30	70
105	31	74
113	32	81
114	33	81
96	31	65
87	28	59
83	27	56
81	27	54
78	27	51
78	27	51
73	30	43
60	26	34
55	22	33
52	22	30
35	7	27
34	7	27
34	7	27
32	7	25
31	7	24
27	7	20
26	12	14
19	7	12
182	37	145
195	50	145
200	51	149
203	52	151
201	52	146
218	74	144
241	85	156
248	103	145
242	101	141
243	103	140
252	116	135
258	127	131
247	121	125
254	113	141
250	106	143
240	100	140
241	93	148
229	80	149
227	79	148
224	79	144
233	78	155
232	74	158
211	52	159
210	50	160
210	47	163
208	43	165
204	43	161
207	61	146
232	83	148
238	91	146
237	97	139
245	102	142
252	109	143
259	122	137
256	119	137
258	124	131
248	109	139
248	109	139
244	112	132
246	108	138
279	127	152
268	116	152
247	104	143
227	88	139
224	87	137
223	88	135
229	97	132
228	96	132
230	90	140
226	78	148
219	57	136
219	54	165
224	65	159
241	118	123
247	60	187
282	95	187
285	91	194
309	106	203
310	84	226
308	64	244
309	113	196
319	148	171
324	118	206
333	161	172
282	107	175
281	105	176
243	66	177
226	50	175
225	51	174
222	51	171
215	46	169
215	54	161
223	57	166
231	62	169
224	71	153
236	78	158
251	86	164
273	121	152
275	131	144
276	132	144
249	115	134
246	113	133
245	113	130
246	117	128
246	122	124
257	108	149
227	80	146
217	68	148
208	62	146
201	56	145
186	47	139
188	47	140
112	43	69
111	42	69
110	41	69
105	36	69
105	37	68
104	36	68
104	38	65
104	40	64
131	26	103
121	26	95
109	21	88
105	36	69
107	24	83
110	50	57
149	49	99
147	51	86
108	48	60
121	48	60
152	30	117
87	38	45
58	24	33
58	24	33
58	28	30
56	26	30
56	26	30
56	26	30
55	25	30
55	25	30
51	21	30
49	19	30
49	19	30
47	16	30
47	16	31
49	17	32
49	17	32
54	22	32
56	24	32
56	24	32
56	24	32
56	24	32
56	24	32
56	23	32
76	31	45
76	31	45
76	31	45
76	31	45
75	30	45
100	20	77
123	34	89
128	40	88
128	38	83
134	26	107
61	14	47
61	14	47
64	12	52
72	14	54
85	24	61
83	22	61
83	16	67
161	75	86
63	31	32
63	31	32
62	30	31
61	30	31
61	30	31
60	29	31
60	29	31
59	28	31
165	64	101
164	65	98
12	3	9
13	3	10
80	25	54
107	28	79
106	32	73
93	26	67
93	24	67
93	25	67
91	21	67
90	23	67
90	23	67
91	29	62
91	22	62
82	17	60
91	19	69
88	18	70
89	24	65
89	24	65
88	23	65
90	25	65
91	26	65
88	25	63
88	25	63
86	23	63
86	23	63
85	22	63
84	21	63
82	19	63
82	19	63
82	19	63
82	19	63
82	19	63
79	22	57
77	20	57
90	19	57
88	23	57
83	21	60
84	18	64
106	21	85
106	23	83
127	38	88
81	20	53
72	14	58
72	14	58
71	20	51
71	19	51
95	22	73
165	73	92
157	61	96
120	33	87
123	25	97
148	42	106
30	11	19
42	9	33
95	26	69
96	33	63
196	69	125
144	58	86
91	44	47
82	34	48
70	22	48
69	21	48
68	20	48
67	19	48
67	19	48
67	19	48
67	19	48
67	19	48
67	20	47
67	20	47
67	15	52
105	48	57
112	22	89
99	22	77
91	41	49
93	32	59
51	22	29
49	22	27
47	22	25
47	22	25
47	22	25
47	22	25
47	22	25
47	22	25
46	22	24
45	22	23
44	22	22
44	22	22
44	22	22
44	22	22
43	21	22
43	21	22
42	20	22
42	20	22
42	20	22
42	20	22
41	19	22
41	19	22
40	17	22
40	18	22
40	18	22
40	18	22
40	18	22
40	18	22
103	22	81
84	36	48
82	17	61
80	18	61
77	15	61
77	17	60
72	18	54
74	16	53
75	32	41
120	34	86
118	31	86
118	32	86
120	34	86
119	33	86
120	34	86
120	34	86
118	32	86
118	32	86
116	30	86
117	31	86
118	32	86
97	20	76
103	24	78
82	26	56
82	26	56
95	19	76
92	24	68
71	21	49
51	13	29
56	23	33
58	22	29
57	25	32
66	27	39
105	25	80
107	45	58
247	60	182
221	104	117
166	66	99
63	17	46
64	13	51
74	19	54
103	45	54
163	70	91
65	19	46
52	19	33
50	19	29
49	19	30
33	6	27
31	6	25
11	4	7
106	50	56
116	37	78
66	28	34
67	29	38
59	11	47
70	20	50
45	12	33
41	9	32
13	2	11
13	2	11
13	2	11
13	2	11
14	2	12
14	2	12
16	4	12
23	11	12
23	11	12
23	11	12
25	11	14
44	21	23
45	21	23
56	26	30
57	26	29
77	21	56
89	22	67
304	93	210
171	54	116
172	54	114
156	52	100
85	17	68
108	23	85
86	18	68
86	33	53
22	9	13
42	20	22
60	30	30
106	41	65
31	10	21
31	6	24
28	8	19
27	8	19
27	6	21
28	10	18
32	8	22
46	10	36
48	11	37
49	9	39
51	11	36
54	11	43
54	14	33
67	18	49
35	7	28
37	12	25
58	24	34
49	23	26
49	23	26
48	22	26
48	22	26
58	27	30
57	28	29
58	28	30
75	18	57
82	17	64
83	18	65
87	18	69
84	16	68
25	12	13
89	17	70
93	34	57
88	24	64
80	17	58
67	25	41
101	46	55
73	21	52
71	19	52
70	18	52
84	18	66
82	16	66
82	16	66
127	41	86
126	40	86
125	38	87
125	38	87
100	30	66
81	35	46
79	33	46
79	33	46
78	32	46
78	32	46
77	31	46
77	31	46
75	29	46
75	29	46
75	29	46
73	27	46
73	27	46
71	25	46
67	21	46
67	21	46
67	21	46
66	20	46
66	20	46
66	20	46
66	20	46
65	19	46
65	19	46
65	19	46
65	18	46
66	18	46
91	32	55
75	26	49
136	30	106
135	36	99
136	36	100
141	36	105
140	36	104
133	35	98
131	34	97
131	34	97
98	46	50
103	20	83
106	47	59
106	47	59
105	48	57
105	47	57
105	24	81
102	46	56
88	18	69
95	23	72
244	73	163
245	72	162
247	69	171
244	65	173
135	28	100
73	16	55
73	30	41
77	30	37
72	24	40
71	34	35
70	31	38
69	18	48
23	4	19
12	4	8
25	7	17
26	6	20
46	18	25
72	29	35
67	14	49
114	22	92
112	25	87
118	24	94
117	23	94
94	32	60
122	27	95
184	43	141
270	95	175
144	44	99
117	29	88
145	33	110
49	22	27
76	32	44
125	47	78
70	14	53
117	56	59
98	37	55
16	4	12
16	5	11
16	6	10
16	4	12
15	4	11
15	4	10
15	4	11
11	2	9
158	49	109
161	54	107
159	57	102
100	34	66
99	34	65
99	34	65
98	34	64
95	34	61
95	34	61
94	34	60
91	34	57
89	34	55
88	34	54
87	34	53
85	34	51
84	34	50
80	34	46
79	34	45
78	34	44
78	34	44
76	34	42
74	34	40
74	34	40
74	34	40
74	34	40
72	34	38
72	34	38
72	34	38
72	30	42
72	30	42
71	30	41
71	30	41
69	30	39
69	30	39
67	30	37
66	30	36
66	30	36
64	30	34
64	30	34
63	30	33
59	29	30
58	24	30
57	27	30
57	27	30
57	27	30
57	27	30
56	26	30
56	22	30
56	26	30
56	26	30
53	23	30
53	23	30
54	23	30
123	25	98
123	25	98
122	25	97
122	25	97
122	25	97
120	25	95
120	25	95
119	25	94
118	25	93
117	25	92
117	25	92
115	25	90
115	25	90
94	34	60
94	34	60
93	33	60
91	31	60
154	44	110
133	31	101
118	28	90
27	6	21
20	8	12
19	8	11
23	4	19
29	8	21
28	12	16
20	4	16
15	3	12
11	3	8
42	10	31
44	12	32
44	11	33
44	11	33
44	11	33
44	11	33
45	11	34
45	11	33
44	11	32
44	11	33
44	11	33
44	11	33
44	11	33
43	12	31
42	12	30
45	13	32
45	13	32
45	13	32
67	30	37
88	26	62
86	30	56
77	25	52
77	25	52
78	25	53
89	25	64
89	27	62
88	29	59
86	26	60
86	21	65
86	25	61
81	20	61
83	23	60
78	34	44
77	34	43
71	33	37
57	26	31
53	18	35
17	7	10
13	3	10
180	86	94
275	116	159
278	115	163
151	31	119
151	44	103
119	35	81
143	61	75
143	39	85
112	32	73
136	30	101
207	54	153
148	31	117
147	33	114
148	34	111
148	31	115
141	39	102
141	40	101
142	39	101
109	35	74
108	34	74
106	32	74
102	27	74
102	28	74
102	28	74
100	26	74
99	25	74
99	25	74
99	25	74
97	23	74
96	22	74
96	22	74
96	22	74
96	22	74
96	22	74
96	22	74
155	31	124
154	30	124
81	23	51
87	20	65
102	22	76
102	23	78
87	17	69
94	25	69
94	26	68
87	19	65
87	36	51
87	36	51
88	35	51
101	23	78
101	23	78
101	28	72
98	26	72
97	19	78
88	17	71
69	14	55
66	13	53
57	24	28
87	19	68
87	19	68
87	17	68
88	20	68
88	20	68
108	23	85
108	22	85
125	41	84
58	24	34
58	24	34
58	24	34
58	24	34
58	24	34
57	23	34
57	23	34
57	23	34
57	23	34
56	22	34
56	22	34
56	22	34
57	23	34
56	22	34
56	22	33
56	23	33
53	21	32
54	21	32
62	12	50
64	12	50
124	25	99
80	36	44
80	36	43
79	36	43
77	36	41
76	36	40
75	36	39
74	36	38
74	36	38
73	36	37
73	36	37
72	36	36
72	36	36
71	35	36
71	35	36
71	35	36
70	34	36
87	23	64
118	43	73
113	23	89
10	2	8
103	22	81
130	31	99
97	21	76
97	21	76
97	21	76
97	21	76
99	23	76
105	29	76
107	31	75
143	46	97
141	44	97
146	34	112
170	82	88
139	32	107
138	31	107
138	31	107
136	29	107
136	29	107
136	29	107
135	28	107
136	29	107
139	28	107
158	32	123
74	34	38
112	24	88
118	23	95
108	21	87
104	21	83
162	77	85
163	77	86
161	75	84
174	75	99
174	70	104
158	60	98
155	58	97
163	58	105
166	60	94
163	75	88
148	73	75
133	62	71
12	2	9
12	2	10
11	2	9
17	6	11
18	6	10
33	6	27
51	10	41
58	17	40
59	26	33
19	9	10
13	2	11
11	5	6
17	6	11
239	76	163
247	79	168
222	48	171
197	49	148
384	84	300
354	71	283
366	80	286
389	187	202
346	95	251
358	94	263
469	95	373
426	107	319
229	53	176
11	5	6
13	5	7
59	27	32
77	27	49
145	52	93
185	91	94
111	28	83
109	25	83
110	25	83
110	27	83
110	29	81
151	34	117
150	32	117
155	37	118
120	53	66
119	47	72
118	38	80
117	35	81
117	31	70
114	24	90
114	24	89
177	39	137
178	40	137
181	87	94
178	74	102
134	35	98
113	23	90
134	28	106
138	27	108
189	43	143
187	52	102
187	45	141
187	51	135
154	33	114
135	33	102
133	31	102
130	28	102
129	25	102
128	26	102
127	25	102
106	42	64
106	42	64
106	42	64
105	41	64
105	41	64
103	39	64
103	39	64
103	39	64
102	36	64
127	63	64
127	63	64
127	63	64
129	64	65
128	64	64
127	63	64
128	64	64
130	64	66
100	35	64
103	39	64
105	41	64
105	41	64
105	41	64
108	44	64
108	44	64
111	47	64
112	48	64
113	49	64
115	51	64
116	52	64
116	52	64
130	26	104
156	35	121
155	43	112
132	31	99
120	27	93
120	24	93
103	51	52
103	51	52
102	50	52
102	50	52
99	47	52
99	47	52
99	46	52
99	47	52
98	46	52
97	45	52
94	42	52
94	42	52
92	40	52
92	40	52
92	40	52
92	40	52
92	40	52
92	40	52
90	38	52
88	36	52
86	34	52
85	33	52
84	32	52
83	31	52
82	30	52
129	26	103
128	25	103
155	33	121
157	34	120
156	43	105
109	44	65
106	41	65
105	40	65
102	37	65
101	36	65
99	34	65
99	34	65
99	34	65
99	34	65
99	34	65
99	33	65
99	34	65
99	34	65
99	31	65
118	55	63
120	57	63
120	57	63
123	60	63
124	62	62
124	61	62
115	25	90
160	32	128
120	58	61
119	58	60
118	58	59
118	58	60
118	58	60
118	58	60
117	58	59
115	57	58
115	56	58
115	57	58
115	57	58
115	57	58
114	56	58
112	54	58
111	53	58
110	52	58
110	51	58
109	51	58
110	52	58
110	52	58
113	56	57
113	54	59
126	25	101
147	31	116
162	42	120
164	44	120
16	6	10
14	6	8
97	23	74
98	25	72
79	28	51
82	28	54
75	28	47
62	17	45
61	17	44
52	13	39
44	17	27
42	13	28
41	13	28
40	13	27
10	3	7
16	4	11
19	4	14
24	5	19
299	117	182
305	117	188
284	137	147
264	116	148
150	72	77
147	73	73
114	45	69
99	47	52
95	42	53
112	49	63
109	33	75
108	30	78
143	28	115
139	51	87
140	59	81
140	51	89
148	52	96
164	42	122
178	68	110
170	34	136
171	34	136
170	34	136
173	34	139
173	34	139
173	34	139
178	66	112
183	77	105
185	39	146
197	50	147
195	79	116
197	71	92
199	42	156
191	83	108
159	75	84
158	77	81
157	78	79
155	75	79
127	58	69
128	57	71
130	58	72
135	60	74
133	65	67
146	65	81
141	63	78
143	65	78
133	58	75
137	62	75
146	70	76
132	61	71
133	62	71
156	72	84
157	69	88
153	60	93
141	67	74
140	66	73
123	57	66
146	41	105
127	29	98
104	26	78
142	34	108
194	86	108
196	89	107
198	76	122
200	81	118
223	44	177
228	57	171
307	76	231
276	66	209
292	62	230
303	142	159
334	140	194
333	137	196
262	63	199
253	61	192
251	61	190
251	61	190
269	81	186
243	66	175
236	59	177
226	51	175
218	45	173
219	52	167
216	57	158
198	44	153
195	44	151
196	47	149
205	54	151
206	42	162
259	88	171
257	87	170
257	86	171
257	87	170
261	89	172
264	91	173
283	93	190
283	93	189
280	93	187
282	93	186
274	96	178
268	97	171
270	97	173
276	99	177
279	107	171
257	95	162
254	95	159
254	98	156
250	98	152
215	68	147
217	67	150
219	67	152
194	42	152
193	42	151
195	42	153
194	42	152
195	42	153
194	42	152
201	50	151
201	50	151
198	50	148
210	56	154
222	68	154
218	61	157
210	43	167
208	43	164
212	50	162
211	50	161
223	50	171
231	68	163
269	104	165
270	114	156
282	118	164
298	135	163
297	134	162
300	143	156
297	142	155
133	34	99
156	31	125
126	27	86
80	27	53
77	20	57
76	19	57
76	19	57
73	16	57
72	14	58
72	14	58
72	14	58
72	14	58
79	26	53
105	33	71
145	52	90
113	23	90
180	46	134
125	26	99
179	58	121
184	58	126
184	58	126
178	53	125
121	52	60
83	19	64
84	20	64
84	20	64
82	18	64
82	18	64
80	16	64
80	16	64
80	16	64
80	16	64
79	15	64
80	16	64
80	17	63
85	20	63
107	31	76
109	33	76
111	35	76
108	32	76
109	33	76
105	24	79
118	47	69
116	30	84
105	27	77
77	16	61
100	29	71
101	30	71
101	30	71
101	30	71
101	30	71
99	28	71
109	22	86
107	26	79
65	13	52
133	26	97
111	49	61
127	25	100
58	11	47
184	64	120
159	56	103
156	44	112
126	57	69
113	32	80
90	19	71
89	17	71
89	17	71
83	36	37
86	17	69
83	16	67
84	27	57
14	2	12
19	7	12
156	31	125
142	29	113
110	23	87
110	23	87
91	26	65
84	39	40
78	38	40
78	38	40
79	29	40
79	39	40
78	38	40
78	38	40
78	38	40
79	39	40
80	40	40
81	40	41
80	40	40
78	38	40
94	25	69
93	24	69
93	24	69
93	24	69
93	24	69
92	23	69
92	23	69
91	22	69
91	22	69
91	22	69
89	20	69
88	19	69
88	19	69
88	19	69
89	27	62
91	37	54
103	21	81
93	35	58
117	50	67
131	48	83
139	53	86
144	45	99
163	76	85
97	28	69
95	25	69
94	25	69
94	25	69
94	25	69
94	25	69
94	25	69
93	24	69
95	26	69
97	28	69
97	29	68
99	31	68
99	34	65
101	28	65
87	24	63
63	14	48
10	2	8
25	5	19
100	21	78
73	14	59
73	14	59
100	21	79
74	17	55
88	17	71
74	17	57
82	21	60
82	17	52
84	19	65
88	40	47
89	40	49
89	43	46
90	44	46
89	42	47
77	29	48
77	30	47
75	28	47
81	16	65
79	18	59
84	35	41
165	56	109
166	56	109
99	22	74
197	49	148
174	44	125
135	28	107
189	69	120
189	64	124
172	69	103
154	39	115
101	39	60
24	10	13
10	5	5
27	13	14
28	13	15
28	13	15
28	13	15
28	13	15
28	13	15
28	13	13
28	13	15
28	13	15
28	13	15
28	13	15
24	9	14
24	9	15
22	9	13
113	50	63
81	16	65
90	30	56
99	20	74
116	24	90
42	8	34
41	8	33
23	8	15
24	8	16
22	8	14
20	8	12
93	41	52
92	40	52
92	40	52
92	40	52
92	39	52
89	37	52
89	37	52
86	34	52
86	34	52
86	33	52
84	32	52
83	31	52
83	31	52
83	31	52
82	30	52
82	30	52
81	29	52
100	48	52
103	50	52
102	50	52
98	46	52
98	46	52
98	46	52
100	48	52
84	32	52
84	32	52
82	30	52
82	30	52
83	31	52
85	33	52
108	27	81
108	27	81
107	26	81
106	25	81
104	23	81
103	22	81
101	20	81
101	20	80
106	29	75
138	29	109
137	28	109
151	43	105
142	29	113
93	29	64
95	29	63
233	80	153
235	80	155
246	89	156
244	89	154
245	95	150
254	111	143
255	126	128
153	41	112
153	36	117
117	26	91
153	52	101
150	52	98
149	52	97
149	52	97
148	52	96
147	52	95
148	52	96
144	52	80
144	52	92
140	52	88
139	52	87
140	52	82
140	52	88
138	52	86
140	52	80
147	51	96
146	51	95
145	51	88
145	51	94
144	51	93
145	51	94
145	51	94
145	51	94
145	51	88
169	80	89
97	22	75
25	5	20
28	12	16
31	12	19
24	12	12
19	3	16
33	12	21
34	12	22
14	4	10
39	10	29
46	17	29
75	29	46
77	29	48
76	28	48
74	20	54
72	18	54
67	13	54
68	14	54
35	11	24
13	3	10
24	5	18
84	26	58
313	71	241
97	27	70
80	27	51
80	27	53
50	17	32
39	9	28
30	9	21
29	8	21
47	11	36
47	11	36
47	11	36
47	11	36
49	13	36
49	11	38
49	11	38
58	11	47
16	5	11
24	5	19
26	5	21
27	5	22
28	5	23
29	5	24
37	14	23
37	13	24
38	15	23
32	8	24
33	8	25
32	8	24
33	7	26
33	7	26
33	7	23
13	4	9
13	4	7
45	12	33
49	19	29
33	9	24
26	12	14
13	2	11
151	30	121
148	32	114
146	31	114
121	56	65
121	55	65
121	56	65
121	56	65
119	54	65
121	56	65
120	55	65
119	54	65
118	52	66
118	26	92
209	94	115
114	46	68
113	45	68
112	44	68
111	43	68
111	43	68
110	42	68
109	41	68
106	38	68
106	38	68
106	38	68
105	37	68
101	31	68
112	26	86
112	26	86
111	25	86
113	27	86
113	27	86
112	23	86
112	26	86
112	27	85
111	26	85
111	24	85
110	25	85
110	23	85
170	41	127
120	30	89
120	31	89
120	35	85
117	31	86
113	22	84
123	30	92
160	34	124
226	52	174
225	57	168
111	24	85
108	32	75
111	37	66
14	5	9
470	174	296
467	121	346
461	122	339
441	144	296
118	23	95
104	24	80
103	24	78
137	66	70
138	68	70
140	68	72
139	68	69
139	48	91
100	25	74
101	27	71
101	31	66
103	40	55
103	20	81
118	30	88
319	110	208
93	35	48
106	21	84
71	16	55
73	15	57
75	34	41
76	38	38
79	15	64
106	27	78
87	17	67
113	24	89
112	23	89
111	34	77
111	31	80
149	73	76
148	72	76
145	69	76
145	69	76
145	69	76
143	66	76
114	30	84
96	25	71
96	25	71
94	23	71
93	22	71
93	22	71
93	22	71
93	22	71
92	21	71
94	21	71
112	30	82
108	30	77
108	30	78
106	50	56
106	30	76
116	41	75
73	25	48
114	49	64
123	57	66
129	58	68
107	21	82
140	31	100
85	25	60
81	21	60
81	21	60
81	21	60
81	22	59
81	22	59
81	27	54
82	28	53
155	75	80
149	66	81
126	46	75
119	31	85
111	30	81
111	31	80
111	37	74
112	38	73
174	50	123
185	48	132
40	8	32
52	10	42
53	10	43
53	10	43
61	17	44
142	42	100
147	42	105
323	148	175
13	6	7
13	4	9
19	6	13
47	9	37
38	9	29
34	11	23
37	7	30
37	14	23
37	7	30
37	14	23
37	13	23
34	12	21
34	13	21
14	5	8
14	5	9
75	19	56
114	31	83
112	29	83
112	29	83
98	40	58
89	30	59
34	17	17
33	16	17
25	7	18
230	95	132
231	89	142
139	27	111
56	12	44
56	12	44
62	18	44
68	24	44
69	24	45
66	25	41
63	25	38
63	25	38
61	25	36
347	74	273
29	5	23
29	5	24
28	6	22
28	6	22
28	6	21
28	5	23
28	5	22
28	5	23
52	11	41
24	9	15
348	128	219
158	66	92
575	150	425
605	148	457
113	23	90
112	23	89
113	23	90
614	223	391
649	171	472
620	167	450
609	249	360
612	165	441
450	158	264
424	149	268
420	152	268
415	145	269
415	143	268
414	170	243
415	172	243
416	146	243
424	182	241
427	186	241
429	188	241
429	186	241
436	188	223
586	143	440
584	139	444
588	140	447
569	218	351
574	136	437
569	134	435
562	133	429
583	144	438
542	174	367
476	152	323
442	129	313
430	101	329
496	172	323
707	318	389
679	268	411
685	319	365
657	257	400
604	229	372
522	162	354
518	162	356
517	162	355
278	68	210
197	47	150
119	43	76
147	59	88
339	113	222
339	89	249
340	68	269
353	90	261
283	116	164
40	19	19
34	8	26
29	8	21
23	8	15
17	8	9
18	8	10
20	8	12
28	8	20
31	8	21
134	28	101
16	3	13
17	8	9
27	12	15
40	18	22
72	27	43
47	22	25
26	6	18
22	4	16
11	4	7
226	47	174
389	145	244
389	145	244
389	144	244
388	144	244
388	144	244
388	143	244
388	143	244
387	141	244
387	140	244
387	140	244
44	20	24
43	20	23
27	8	19
23	4	19
22	4	17
23	4	18
586	124	389
710	150	552
701	164	514
492	122	357
275	70	177
12	2	10
12	2	10
11	4	7
12	5	7
19	9	10
20	8	12
126	31	93
191	95	96
216	103	113
266	103	163
255	103	152
198	78	119
118	40	78
83	36	47
47	15	31
239	92	147
166	73	93
123	45	78
80	29	51
78	29	49
61	29	30
10	3	7
10	2	8
12	2	10
12	2	10
12	2	9
17	3	14
17	3	14
20	7	13
10	4	6
10	5	5
13	6	7
13	6	7
22	6	16
93	18	75
89	18	71
86	18	68
85	18	67
85	18	67
85	18	67
85	18	67
85	18	67
84	18	66
23	5	18
22	4	18
22	4	18
22	4	18
22	4	18
22	4	18
22	4	18
22	4	18
22	4	18
22	4	18
22	4	18
22	4	18
22	4	18
22	4	18
22	4	18
22	4	18
22	4	18
22	4	18
22	4	18
23	4	18
23	4	18
23	5	18
23	5	18
23	5	18
23	5	18
23	5	18
23	4	18
23	5	18
24	6	18
24	6	18
24	6	18
25	7	18
27	9	18
118	47	62
117	51	64
83	39	43
83	39	44
81	36	40
82	37	43
79	37	42
79	35	43
86	38	42
86	38	47
56	17	38
56	16	39
64	15	48
67	19	48
147	39	108
138	37	101
136	35	101
135	33	101
135	35	100
132	32	100
150	33	116
175	38	137
171	34	137
171	34	137
121	44	77
121	37	82
121	35	84
123	36	87
122	25	92
127	25	102
128	25	103
85	17	68
85	17	68
123	42	81
123	42	81
126	45	81
125	44	81
128	47	81
128	25	81
128	62	66
127	33	94
127	33	94
126	33	93
125	33	92
124	33	89
121	54	66
107	32	75
106	31	75
107	30	75
113	38	75
112	37	75
97	20	77
124	25	96
164	35	127
175	87	88
103	31	67
104	20	82
161	43	103
125	41	84
121	24	97
117	27	90
117	23	94
189	80	109
208	103	105
207	103	104
190	84	106
91	18	72
93	30	58
105	35	64
151	31	120
153	37	116
179	41	138
182	43	139
181	45	114
176	46	130
176	47	129
184	60	123
215	78	137
134	26	108
128	25	102
129	26	102
146	35	86
124	45	79
101	47	54
99	47	52
99	47	52
98	47	51
97	47	50
97	47	50
97	43	54
100	43	52
99	32	67
117	38	79
115	38	77
114	39	75
113	39	74
112	39	73
111	39	72
108	39	69
115	23	92
181	42	137
188	49	135
193	50	141
196	51	144
200	52	143
365	149	209
214	81	132
166	68	94
86	19	67
99	46	49
99	21	78
99	32	67
310	109	192
564	261	299
579	204	372
579	212	336
573	198	374
536	165	371
536	164	352
532	216	316
498	237	258
397	127	270
389	120	253
357	92	261
173	59	111
136	38	96
28	7	21
10	2	8
20	6	14
21	4	17
21	4	14
22	6	16
28	9	19
40	17	23
41	17	22
47	23	24
107	29	78
122	56	66
342	105	221
496	153	338
524	140	384
518	129	359
510	132	376
438	164	274
341	95	243
338	87	236
337	77	257
107	23	84
105	22	78
100	21	78
72	14	55
44	9	35
22	10	12
20	9	11
17	3	14
17	3	14
17	3	14
14	2	10
97	34	63
122	33	89
122	33	89
122	34	88
123	35	88
123	35	88
124	36	88
124	36	88
124	36	88
125	37	88
129	25	104
53	24	29
50	20	30
44	15	29
43	14	29
44	9	35
25	10	15
21	8	13
15	4	11
27	13	14
36	13	23
36	13	23
47	12	35
47	13	34
48	13	34
48	13	35
49	13	36
50	22	28
61	24	37
57	20	37
60	24	36
63	27	36
63	27	36
73	36	37
65	28	37
18	5	13
21	7	14
24	8	16
10	2	8
10	2	8
11	3	8
172	55	114
119	38	67
136	28	108
153	38	115
109	28	81
110	37	73
117	42	74
116	47	69
115	47	68
116	48	67
116	48	66
116	48	68
115	48	67
115	48	67
116	48	68
115	49	65
116	50	66
104	46	50
104	48	49
150	49	101
149	48	101
147	46	101
147	46	101
145	44	101
143	42	101
142	41	101
142	41	101
142	41	101
142	41	101
141	40	101
141	40	101
140	39	101
140	39	101
139	38	101
138	37	101
136	35	101
136	35	100
178	80	94
48	16	32
74	24	50
75	30	44
71	25	45
70	24	45
75	18	57
75	18	57
73	16	55
75	23	46
105	28	77
104	27	77
108	30	77
108	30	75
108	37	63
169	54	115
95	46	49
94	44	50
178	87	91
174	86	88
152	73	79
143	69	73
110	52	57
88	39	49
48	22	26
43	18	25
10	2	8
54	20	34
58	12	46
58	12	46
33	14	19
26	13	13
16	5	11
13	5	8
12	4	8
12	5	7
10	3	7
10	3	7
10	3	7
93	18	75
101	31	70
102	46	56
108	26	78
107	23	82
166	69	97
84	41	43
86	35	50
112	26	86
89	18	71
42	14	28
43	14	29
65	16	49
67	16	51
82	16	66
79	22	57
78	21	57
77	20	57
76	20	56
78	21	56
94	19	75
139	32	96
109	21	83
96	46	50
95	45	50
94	44	49
94	41	49
92	43	49
91	42	49
90	39	49
90	41	49
90	37	49
98	24	72
235	50	152
236	53	153
303	70	232
330	141	178
326	148	175
325	74	251
133	47	86
78	15	63
78	15	63
77	20	57
77	20	57
59	22	36
60	12	48
62	14	48
93	44	49
80	19	61
79	18	61
78	17	61
77	16	61
77	16	61
76	15	61
76	15	61
76	15	61
76	15	61
76	15	61
72	15	57
78	15	63
96	19	75
61	16	45
76	21	55
87	17	70
135	32	101
99	21	78
99	21	78
99	21	78
99	21	78
98	20	78
98	20	78
98	20	78
98	20	78
97	19	78
97	19	78
97	19	78
40	10	28
40	9	31
38	7	29
48	24	24
52	15	36
124	47	77
119	40	77
118	38	79
119	40	79
119	40	79
121	42	79
122	43	79
122	36	79
142	36	106
132	28	104
129	25	100
125	29	95
120	28	92
113	29	83
110	31	79
106	51	55
92	30	55
92	37	55
91	36	55
91	36	55
88	29	55
88	33	55
86	31	55
86	29	55
90	31	59
101	32	65
240	82	158
243	89	154
221	76	145
219	75	144
215	71	144
215	73	142
217	71	146
193	54	139
193	53	139
193	50	143
196	50	146
257	66	191
257	108	147
290	126	162
297	141	156
307	151	156
278	126	151
275	122	153
273	118	155
264	108	156
242	93	149
238	91	147
223	83	140
212	77	135
211	75	135
200	60	140
198	57	141
200	56	144
194	47	147
352	175	177
353	75	278
353	78	275
347	74	273
377	86	291
381	83	298
379	79	297
384	81	303
393	82	311
403	80	322
399	80	319
399	79	320
412	97	315
419	101	318
419	106	313
475	147	328
308	134	173
195	43	152
243	85	158
162	38	124
186	49	137
202	87	113
413	95	317
641	131	510
738	194	542
1068	345	722
1082	372	706
993	333	659
927	223	703
1347	274	1053
1365	396	969
1362	563	799
1198	354	843
1203	354	843
843	221	567
821	279	466
847	278	544
962	330	627
1084	372	710
1068	370	696
1072	480	591
1156	235	917
1100	315	784
790	217	469
510	197	275
501	197	270
499	188	311
491	199	290
474	208	222
350	72	275
131	32	97
29	5	24
36	13	23
41	11	30
40	10	30
78	15	63
78	15	63
76	16	60
76	15	61
73	22	49
147	34	111
27	7	20
22	7	15
26	11	15
34	11	23
11	3	8
10	2	8
22	4	18
101	22	79
147	35	112
777	373	404
716	324	392
680	203	475
52	23	26
31	12	19
202	84	118
93	44	49
92	43	49
92	43	49
92	43	49
93	43	49
92	43	49
95	47	48
100	47	52
108	38	69
129	28	101
129	28	101
126	25	101
126	25	101
123	25	98
122	24	97
123	32	91
124	32	90
139	32	103
138	37	101
139	38	96
143	43	95
142	31	109
131	63	68
79	39	39
67	22	39
72	28	44
76	25	51
163	70	93
161	70	91
159	70	89
159	70	89
117	33	70
114	32	71
114	42	71
116	46	70
117	38	70
117	47	70
122	52	70
122	41	70
124	54	70
125	55	70
126	38	69
127	58	69
131	42	69
138	68	69
139	69	70
140	69	71
142	46	69
179	45	134
229	81	148
233	58	174
229	91	135
233	52	181
234	56	178
226	46	176
217	43	169
113	22	89
91	37	54
91	36	55
89	36	46
126	29	97
126	29	97
99	19	80
102	28	74
102	22	74
139	35	103
144	40	104
114	49	64
113	52	61
112	50	61
107	45	61
107	45	62
106	26	79
108	46	62
110	48	62
110	48	62
140	42	95
148	46	97
172	43	123
147	59	85
154	70	84
156	71	80
144	39	105
92	22	70
90	18	70
92	30	62
90	26	62
94	18	76
110	38	72
113	31	82
90	19	71
93	22	71
93	22	71
95	23	69
99	37	52
124	25	99
124	25	99
95	19	71
123	26	97
122	25	97
122	25	97
121	24	97
121	24	97
93	22	69
81	32	49
86	20	66
88	22	66
88	22	66
87	21	66
85	19	66
82	19	63
82	19	63
81	18	63
97	19	77
109	26	83
112	26	86
102	42	59
77	20	57
76	19	57
76	19	57
76	19	57
76	19	57
76	18	57
75	18	57
75	18	57
75	18	57
74	17	57
74	17	57
73	16	57
72	15	57
71	14	57
103	20	80
94	18	76
94	19	75
91	22	69
90	23	67
89	22	67
89	22	67
86	19	67
86	19	67
85	18	67
85	18	67
84	17	67
83	16	67
94	24	70
94	24	70
94	20	70
72	18	53
71	27	44
66	22	44
68	24	44
69	25	44
69	25	44
68	20	44
67	23	44
65	21	44
65	17	44
69	16	53
69	16	53
95	38	57
94	38	56
95	46	49
97	46	50
96	42	45
93	27	66
91	25	66
91	25	66
90	24	66
89	23	66
88	21	66
90	22	66
98	32	66
98	31	66
98	32	66
97	31	66
97	31	66
98	32	66
99	33	66
88	17	66
86	20	66
83	16	66
83	17	66
83	17	66
83	17	66
83	17	66
133	34	99
134	41	93
92	35	57
91	34	57
89	32	57
88	31	57
88	30	57
87	30	57
86	29	57
84	27	57
84	27	57
83	26	57
83	26	57
82	25	57
82	25	57
80	23	57
80	22	57
86	40	41
108	44	64
109	24	85
107	23	84
112	35	77
110	31	79
107	37	61
113	23	87
99	28	71
99	28	71
98	27	71
98	27	71
97	26	71
97	20	71
95	20	75
95	20	75
110	26	84
124	25	96
154	62	92
155	62	93
155	62	92
156	62	94
155	62	92
154	62	85
154	61	93
155	61	94
155	61	83
153	41	111
143	49	94
142	49	93
139	49	90
139	49	90
139	49	90
136	49	87
135	49	86
132	49	83
131	49	82
62	15	47
124	34	90
123	33	90
123	33	90
122	32	90
123	33	90
125	27	90
157	31	126
146	29	114
151	31	118
137	39	98
21	5	16
21	8	13
26	8	18
32	6	26
36	8	28
36	7	29
44	10	34
45	11	34
48	14	34
47	12	35
10	5	5
12	4	8
131	40	91
140	54	86
135	61	74
132	50	82
130	50	70
104	41	63
86	25	61
82	24	58
48	18	28
47	14	25
47	22	25
47	22	25
47	14	33
47	11	32
63	25	38
68	29	39
76	23	49
88	24	64
91	24	64
169	41	103
169	52	115
165	52	91
137	41	85
131	32	96
118	26	90
104	20	83
71	20	46
71	17	51
54	10	43
11	2	9
11	2	9
11	2	9
11	2	9
11	2	9
11	2	9
11	2	9
11	2	9
11	2	9
11	2	9
11	2	9
122	33	87
34	13	18
31	13	18
25	8	17
19	6	12
239	101	134
235	49	165
158	42	91
152	32	117
151	32	113
149	31	117
139	29	107
137	29	103
67	13	54
61	13	47
50	13	36
48	13	35
46	13	33
44	13	31
42	13	29
40	13	27
33	13	20
64	19	44
66	24	42
96	42	53
89	22	67
86	41	45
44	11	33
42	11	31
22	10	12
67	17	50
84	25	59
87	20	67
35	8	27
35	8	26
32	8	24
48	14	34
41	13	28
35	10	25
73	30	43
73	30	43
73	35	38
73	32	38
90	22	58
147	73	74
131	30	99
131	35	96
129	37	91
129	40	89
130	42	88
134	55	78
262	72	185
302	63	232
315	81	225
332	83	232
363	107	250
365	109	241
395	138	246
204	71	128
183	57	112
172	47	117
160	50	105
133	31	98
129	28	96
67	21	45
67	22	45
69	23	46
100	29	71
124	54	70
122	57	65
119	51	68
128	53	75
149	64	85
266	116	148
224	82	140
115	36	77
86	19	67
83	23	60
66	14	52
81	26	55
239	96	143
246	91	153
228	80	148
227	77	150
219	67	151
199	55	144
162	42	116
163	42	121
167	48	118
172	51	120
182	57	124
183	54	129
178	55	121
179	53	123
178	67	110
173	68	103
174	68	105
188	86	101
83	25	58
120	47	72
113	32	81
112	31	81
113	32	81
113	32	81
113	32	81
113	24	81
111	30	81
111	30	81
110	29	81
110	29	81
108	27	81
76	25	51
74	23	51
70	20	50
70	19	50
69	20	49
70	20	49
70	22	48
70	19	48
97	19	78
99	21	78
110	24	86
110	23	86
111	25	82
77	17	60
86	17	69
94	28	66
98	27	71
96	19	76
70	17	43
76	21	55
75	20	55
73	18	55
73	18	55
72	17	55
72	17	55
72	17	55
71	16	55
70	15	55
69	14	55
107	39	68
107	38	68
105	47	58
103	23	80
105	52	53
115	32	82
114	31	81
109	32	75
107	31	75
108	21	80
92	21	71
92	31	56
92	20	72
82	16	65
81	19	62
87	20	67
51	14	36
52	19	29
6715	2942	3755
6672	2893	3708
6818	3225	3577
6886	3308	3559
6869	3287	3545
6798	3134	3472
6812	3177	3584
6796	3118	3608
6826	3036	3551
6909	2562	3363
7143	2027	5112
7066	1952	5112
7030	1916	5112
6976	1864	5112
6926	1814	5112
6901	1789	5112
6884	1774	5110
6844	1736	5108
6815	1721	5087
6867	1962	4835
4388	915	3426
4434	1188	2904
94	18	76
107	30	77
69	30	36
99	29	67
83	16	67
82	16	66
84	19	65
90	19	67
89	18	55
110	27	81
98	24	74
108	26	82
92	39	52
89	39	50
88	39	49
88	39	49
87	39	48
87	39	48
87	39	48
85	39	46
85	39	46
85	39	46
84	39	44
83	39	44
82	39	43
80	39	40
80	39	41
79	39	40
79	39	40
78	39	39
78	39	39
77	38	39
77	38	39
77	38	39
76	37	39
76	37	39
75	36	39
75	36	39
76	36	39
83	41	42
90	32	58
90	33	55
88	35	51
88	19	66
88	21	44
77	16	61
83	26	57
81	24	57
80	23	57
79	22	57
79	22	57
78	21	57
78	21	57
80	23	57
81	24	57
81	24	57
80	23	57
79	22	57
79	22	57
79	19	57
79	19	57
73	26	47
73	26	47
73	25	47
73	26	47
73	26	47
72	25	47
70	23	47
68	21	47
68	21	47
68	21	47
67	20	47
67	19	47
67	20	47
66	19	47
70	17	47
98	24	73
83	20	63
81	18	63
81	18	63
81	16	63
84	17	67
84	17	67
82	16	66
82	29	53
80	22	58
79	24	55
81	30	51
84	40	43
86	20	66
86	20	66
86	20	66
86	20	66
85	20	65
87	22	65
118	44	74
115	47	64
114	49	65
114	50	64
104	21	83
63	12	45
80	36	43
13	2	11
13	2	11
30	11	19
28	12	16
129	40	81
97	21	71
127	43	81
232	48	184
132	33	96
122	41	79
102	42	60
105	22	76
109	24	77
107	37	63
143	51	86
161	75	85
11	2	9
11	2	9
42	13	29
43	16	27
43	16	27
137	56	81
138	58	80
139	57	82
130	61	68
128	63	63
127	62	63
135	58	76
136	61	73
89	21	67
88	22	66
87	22	64
63	16	47
47	19	28
80	31	49
171	62	109
176	83	93
173	77	96
117	27	89
113	25	88
51	22	29
57	20	37
57	20	37
58	21	37
58	21	37
58	21	37
58	21	37
58	21	37
58	21	37
58	21	37
58	21	37
58	21	37
58	21	37
55	18	37
54	17	37
54	17	37
270	70	200
262	66	195
240	66	174
220	54	166
128	58	70
127	41	86
127	42	85
131	41	90
136	41	95
137	41	96
138	41	97
137	58	78
137	40	97
132	40	92
126	40	86
121	40	81
106	25	81
100	23	76
92	19	72
64	13	51
96	44	52
11	4	7
11	2	9
11	2	9
11	2	9
10	4	6
13	3	10
125	31	94
124	30	94
121	27	94
96	25	71
24	11	13
20	7	13
25	12	13
26	13	13
26	13	13
26	13	13
26	13	13
26	13	13
26	13	13
26	13	13
26	13	13
26	13	13
26	5	21
26	13	13
26	13	13
26	13	13
110	32	74
150	30	108
154	36	118
154	36	118
153	35	118
150	32	118
148	30	118
158	33	125
157	33	124
158	33	123
106	36	70
106	36	70
105	35	70
104	34	70
118	25	93
117	24	93
116	23	93
85	20	65
83	18	65
81	16	65
82	17	65
113	24	89
112	24	87
112	50	62
101	23	78
100	22	78
98	20	78
97	19	78
72	19	53
70	17	53
67	14	53
67	14	53
67	14	53
66	13	53
66	13	53
66	13	53
66	13	53
65	13	52
65	13	52
109	21	88
110	28	82
110	31	79
71	22	49
72	23	49
71	14	49
72	23	49
71	22	49
74	25	49
74	25	49
74	24	49
72	23	49
74	25	49
73	24	49
73	17	49
72	23	49
68	19	49
68	19	49
68	19	49
68	19	49
69	20	49
98	25	73
97	24	73
97	24	73
96	23	73
96	23	73
95	22	73
93	20	73
93	19	73
92	19	73
92	19	73
91	18	73
91	18	73
100	20	77
85	20	65
72	17	55
72	17	55
71	16	55
70	15	55
70	15	55
70	15	55
69	14	55
68	13	55
87	28	59
87	26	58
98	19	78
75	15	59
78	24	44
83	17	65
99	23	72
83	18	65
103	20	81
103	26	77
85	42	43
84	42	42
84	42	42
86	36	50
85	36	49
85	36	49
85	36	49
86	36	50
86	36	50
86	36	50
85	36	49
86	36	41
86	28	57
83	24	58
79	30	48
73	14	57
73	18	54
64	27	37
64	27	37
65	28	37
65	28	37
66	29	37
68	25	37
69	13	55
81	22	59
87	27	60
87	27	60
87	27	60
92	39	53
80	30	50
80	30	50
79	30	47
76	28	47
73	31	41
74	30	43
72	20	52
74	22	52
80	26	48
84	37	47
72	17	51
203	60	140
201	61	136
202	65	134
213	74	138
312	90	216
290	69	215
233	90	137
205	48	137
208	41	161
217	45	169
202	85	116
170	73	97
161	65	93
102	42	54
75	34	40
66	32	33
61	29	31
60	29	31
11	4	7
18	6	12
20	7	13
26	6	19
27	8	19
27	5	21
39	10	28
53	24	29
59	29	30
62	29	33
62	29	33
64	26	38
71	14	57
71	14	57
91	18	73
93	30	62
107	31	74
79	15	64
83	20	63
88	20	68
82	16	66
108	21	84
107	41	66
107	41	63
106	41	65
103	41	58
100	41	57
99	41	58
97	41	55
96	41	55
94	41	53
93	41	52
93	41	51
91	41	50
91	41	49
91	41	50
91	41	50
91	41	50
90	41	49
90	41	48
89	41	48
89	42	47
88	42	46
87	42	44
87	42	45
87	42	44
94	37	56
95	25	70
93	19	70
82	16	66
84	16	68
84	16	68
82	16	66
67	19	46
102	23	79
157	43	106
64	25	39
50	25	25
45	20	25
45	20	25
10	4	6
127	52	74
129	61	62
132	62	70
136	59	75
172	76	95
176	76	97
180	81	98
190	78	112
191	74	114
243	74	165
250	115	133
250	75	173
257	126	129
254	119	132
246	111	133
240	108	128
230	96	134
215	78	137
157	43	114
146	65	79
144	41	97
137	43	63
135	44	82
127	32	78
116	57	59
104	20	83
72	23	47
45	18	26
27	5	22
13	2	11
13	2	11
11	2	9
15	6	9
15	5	10
17	6	11
17	6	11
28	8	19
35	14	16
41	18	23
47	19	22
63	24	39
64	26	38
63	23	40
70	31	37
149	47	101
151	70	77
182	71	111
197	82	114
202	85	113
181	65	114
182	64	117
185	65	120
185	64	120
185	65	120
186	65	120
220	98	121
222	101	121
229	109	119
229	107	120
231	108	120
129	34	79
24	5	19
14	6	8
14	6	8
14	6	8
14	6	8
14	6	8
13	6	7
13	6	7
13	6	7
13	6	7
13	6	7
13	6	7
13	6	7
13	6	7
12	6	6
12	6	6
12	6	6
11	5	6
12	2	10
13	2	11
14	2	12
14	2	11
19	3	16
19	3	15
15	3	12
14	2	11
24	10	14
19	5	14
18	3	15
87	36	51
91	37	54
91	37	54
116	49	67
112	36	76
112	39	73
114	36	78
114	36	78
108	38	70
99	24	75
95	33	61
83	41	42
56	19	35
55	14	40
55	15	40
15	6	9
51	11	40
165	52	113
172	52	120
188	70	118
222	76	145
301	69	232
301	139	161
493	161	328
524	164	360
537	167	370
200	69	131
193	66	126
190	60	130
189	44	145
183	57	126
183	58	125
184	57	127
178	56	122
173	55	118
153	43	110
132	28	104
122	27	95
120	27	92
116	27	89
114	27	87
106	27	79
84	19	65
82	18	64
69	16	53
76	32	44
69	29	40
97	39	58
137	45	92
161	46	115
164	46	117
177	45	132
180	44	136
182	44	138
162	61	100
31	12	19
36	17	19
38	15	23
40	15	25
12	2	10
38	15	23
64	19	45
66	19	47
17	5	12
137	29	108
229	55	174
21	9	12
17	6	11
10	3	7
129	27	102
129	26	102
119	35	84
142	35	105
141	28	105
129	41	87
126	39	87
128	37	87
127	26	93
101	40	52
93	21	69
95	21	74
93	24	69
93	29	61
104	24	76
98	19	74
88	22	66
123	59	64
124	60	64
124	59	64
121	57	64
122	58	64
119	55	64
117	53	64
115	51	64
114	50	64
113	49	64
113	49	64
114	40	64
113	23	89
131	45	78
151	48	90
80	30	50
77	28	48
78	21	54
80	18	56
112	26	85
209	66	125
95	43	51
71	15	53
76	19	57
105	29	64
80	21	51
80	38	41
79	39	40
86	36	50
84	16	68
84	16	68
85	17	68
80	17	63
104	22	82
89	30	59
97	26	70
90	22	67
89	34	54
92	37	54
102	20	82
116	30	86
160	43	117
170	37	132
172	42	129
177	38	138
178	38	139
178	40	136
180	40	139
180	40	140
180	40	140
145	54	91
144	52	92
146	52	93
96	24	72
96	24	72
94	22	72
94	22	72
94	22	72
94	22	72
94	22	72
91	19	72
108	30	78
15	3	12
41	18	22
166	70	96
183	87	96
34	14	20
149	42	107
155	31	124
102	37	65
101	36	65
100	35	65
99	34	65
98	33	65
95	30	65
95	30	65
95	30	65
95	30	65
95	30	65
94	29	65
94	29	65
93	28	65
91	26	65
91	26	65
108	35	73
106	35	71
107	35	72
108	32	70
108	32	76
143	61	82
96	44	52
162	73	89
78	39	39
134	67	67
150	72	78
133	66	67
143	71	72
181	82	98
145	30	115
147	35	112
149	45	104
147	45	102
148	48	100
117	24	93
125	38	87
115	23	92
110	35	65
103	21	82
127	27	98
133	27	103
126	33	85
122	30	92
120	29	91
118	25	91
89	28	61
83	16	67
82	17	65
82	17	65
178	47	115
195	51	144
240	69	169
236	71	165
205	72	131
202	87	111
202	70	130
202	71	131
203	69	134
197	58	139
196	58	137
189	75	110
187	58	127
217	53	164
213	51	161
210	99	108
207	53	151
204	52	151
210	52	158
146	68	78
152	69	83
158	76	82
206	102	102
199	97	102
135	44	91
135	44	90
117	49	67
191	42	149
287	112	175
320	156	164
296	141	155
287	135	152
297	133	164
296	134	162
300	136	163
252	92	160
249	90	159
240	80	160
202	58	143
189	40	149
187	42	145
170	38	132
163	33	130
283	141	142
298	143	155
274	134	140
277	137	140
246	95	151
241	93	148
186	63	123
133	40	93
133	38	95
125	34	91
168	47	121
172	47	125
177	48	129
185	52	133
208	43	165
208	41	167
133	27	106
219	79	139
330	146	184
337	78	259
342	79	262
349	153	196
356	117	238
398	156	242
284	86	198
219	50	168
181	52	129
185	55	130
183	58	125
211	94	117
213	99	113
260	123	137
276	61	215
280	60	219
192	46	146
126	29	97
10	4	6
12	6	6
133	49	84
143	41	102
147	43	104
188	60	128
254	100	154
211	80	131
161	71	89
127	51	75
236	98	138
464	101	363
154	55	99
11	4	7
52	26	26
71	31	40
85	41	44
96	43	53
106	39	67
107	40	67
77	26	43
57	26	31
57	26	31
36	10	26
20	9	11
102	21	81
32	10	22
34	7	27
33	11	22
28	10	17
28	11	17
28	11	17
28	11	17
28	10	17
12	4	8
12	5	7
10	3	7
13	2	11
125	34	91
135	38	96
166	75	91
217	54	163
229	70	158
238	77	161
285	64	221
359	95	264
355	98	257
350	86	263
272	95	177
272	98	174
278	60	217
317	90	168
291	101	162
274	69	204
276	69	204
278	69	209
304	69	235
304	63	235
320	66	254
320	66	253
331	66	265
332	66	266
312	86	215
313	86	207
310	63	247
310	64	246
314	75	208
345	82	250
352	80	253
390	100	290
387	101	222
392	103	288
508	101	405
505	102	384
495	146	317
504	123	361
394	89	292
327	90	229
311	66	231
304	63	192
13	2	11
13	2	10
13	4	9
13	2	11
11	3	7
11	2	9
11	3	8
11	3	8
24	6	18
125	40	85
122	35	87
120	32	88
118	30	88
118	30	88
118	30	88
116	28	88
114	26	88
114	26	88
114	27	87
19	5	14
19	5	14
243	84	159
245	85	160
249	85	162
260	89	170
268	87	181
307	88	219
289	71	218
291	125	166
287	123	162
219	60	158
222	61	160
205	74	131
211	76	135
235	85	147
273	80	193
197	45	152
200	44	156
200	44	156
198	44	154
198	44	154
199	44	153
200	44	155
196	44	152
197	44	152
195	44	151
190	70	120
190	90	100
190	92	97
286	90	196
288	74	213
286	110	176
220	101	119
222	99	123
227	64	163
224	104	119
229	106	123
231	103	128
221	47	174
216	45	171
216	45	171
215	47	168
214	92	122
211	43	168
220	81	139
222	44	178
232	52	180
240	53	187
243	58	185
250	59	191
246	50	196
251	61	190
268	76	191
268	83	185
261	78	183
229	78	151
225	110	115
226	79	147
254	106	148
253	123	130
238	114	123
241	120	121
239	119	120
232	113	119
225	107	118
226	108	118
237	115	121
240	110	130
241	110	131
244	110	134
277	129	148
270	122	148
258	117	141
243	108	135
229	97	132
298	141	157
295	142	153
289	139	150
288	142	145
295	144	151
329	140	189
326	138	188
336	143	193
342	141	201
363	140	223
372	143	229
376	142	234
379	136	242
380	132	248
397	139	258
391	134	257
373	140	232
285	135	150
286	137	149
284	136	148
286	136	150
327	142	183
325	141	184
331	143	188
360	153	207
367	154	213
374	158	216
378	159	218
380	164	216
378	161	217
268	97	171
253	91	162
246	89	157
246	89	157
248	90	157
248	88	160
248	88	160
250	88	162
250	88	162
246	89	157
242	88	154
245	91	154
331	150	180
335	151	184
347	158	189
364	83	280
351	80	271
344	75	269
337	76	261
337	78	259
338	71	267
329	68	261
330	67	263
253	93	160
88	17	71
86	17	69
85	17	68
84	17	67
23	6	17
23	6	17
23	6	17
23	6	17
218	100	118
261	67	194
276	73	197
284	75	209
337	166	168
359	122	226
449	193	253
469	103	360
484	112	372
689	162	524
704	144	526
1187	290	875
1127	516	565
1172	248	877
1233	285	927
1397	553	820
1613	699	909
1681	606	1023
1769	682	1083
1763	793	966
1652	797	845
1638	713	925
1628	710	917
1627	717	909
1621	711	892
1622	551	1019
1676	475	1175
1198	410	724
1138	550	564
1114	530	582
873	391	473
576	258	308
565	131	434
609	262	343
566	235	287
544	112	428
533	106	427
323	124	180
261	119	139
242	72	169
214	69	143
199	68	127
126	41	85
126	41	85
123	41	82
123	41	82
122	41	81
122	41	81
125	45	80
124	44	80
121	41	80
121	41	80
120	40	80
118	38	80
117	37	80
116	36	80
115	35	80
114	34	80
114	34	80
113	33	80
113	33	80
113	33	80
113	32	80
111	31	80
113	41	72
116	43	72
128	27	101
127	26	101
140	63	77
139	62	77
138	61	77
138	61	77
136	59	77
134	57	77
133	56	77
132	55	77
130	53	77
130	53	77
129	52	77
127	50	77
127	50	77
127	50	77
127	50	77
124	47	77
124	47	77
122	45	77
122	45	77
124	44	77
128	29	94
129	26	101
44	11	33
44	12	32
107	22	84
196	55	139
189	54	133
185	72	111
170	55	114
167	56	109
158	56	101
158	56	102
149	55	94
149	74	75
143	55	87
137	62	75
99	20	79
98	20	77
96	20	76
94	20	74
92	20	72
91	34	48
205	93	112
208	92	114
215	93	121
217	94	123
227	103	124
157	54	103
158	53	105
141	32	109
141	31	110
142	31	111
126	25	101
103	20	83
103	24	78
95	32	62
109	21	88
120	37	82
76	19	56
75	19	55
75	15	60
110	25	85
92	19	73
87	19	68
85	17	68
97	21	69
67	24	41
84	25	59
86	18	68
86	18	68
84	18	66
84	18	66
85	18	67
84	18	66
84	18	66
84	18	66
85	18	67
87	18	69
87	18	69
88	18	70
89	18	71
90	18	72
87	18	69
86	18	68
85	18	67
86	18	68
83	18	65
85	18	67
87	18	69
89	18	71
87	18	69
84	18	66
85	18	67
85	18	67
87	18	69
87	18	69
73	18	54
69	13	56
69	13	56
67	13	54
68	13	54
70	20	49
70	22	48
171	78	93
98	20	76
107	37	66
66	20	46
68	23	41
71	24	46
85	22	49
78	19	57
73	20	38
68	19	38
68	19	40
68	16	44
76	16	48
81	19	61
74	34	38
63	15	48
13	2	11
13	2	11
104	21	83
89	42	46
90	39	43
80	19	52
114	22	92
132	32	100
138	36	101
84	20	62
59	12	47
59	12	47
92	20	72
92	20	72
92	24	63
77	22	55
109	47	62
87	37	42
91	40	48
112	22	90
95	19	75
123	31	92
48	17	31
70	26	43
55	15	40
99	20	79
10	3	7
11	3	7
21	4	17
39	14	25
42	14	28
47	14	33
47	14	33
59	16	43
62	16	46
57	12	45
101	21	76
99	28	71
80	19	60
120	54	66
120	54	66
117	51	66
116	51	65
115	50	65
114	49	65
107	21	86
154	43	111
125	44	81
87	25	62
87	25	62
116	55	61
85	17	68
82	21	47
54	10	43
62	12	50
64	17	47
71	19	52
82	38	44
84	34	47
85	18	66
90	38	43
80	30	50
104	50	53
63	12	50
82	17	64
54	23	31
219	67	152
22	6	16
20	5	15
18	3	15
18	3	15
15	4	10
15	3	11
15	3	11
14	2	12
16	3	13
19	3	13
19	7	12
21	7	14
65	27	38
115	25	90
115	24	90
104	24	80
140	35	105
114	27	81
144	34	110
97	28	69
97	28	69
91	21	69
92	18	73
206	56	150
200	53	147
200	54	145
210	59	151
190	46	144
188	47	140
184	50	134
185	50	134
193	56	137
183	46	137
181	44	136
182	47	135
200	60	140
217	79	138
220	81	139
221	82	139
257	118	139
269	133	136
244	94	150
236	86	150
119	46	73
151	44	106
94	31	63
102	25	77
59	23	36
26	5	21
224	48	167
126	26	100
92	20	72
66	19	47
58	12	46
49	9	40
125	32	93
153	33	120
154	37	117
135	30	105
131	27	104
131	27	104
131	27	104
131	29	102
165	44	121
170	47	123
215	75	140
218	78	140
223	80	143
308	81	227
303	81	217
136	39	93
76	21	55
25	10	15
19	7	12
17	6	11
17	6	11
16	5	11
16	5	11
18	7	11
19	8	11
21	10	11
23	11	12
24	11	12
26	11	13
20	5	15
27	5	22
26	5	21
27	5	22
26	7	19
27	6	18
34	6	28
34	12	22
36	13	23
40	11	29
40	12	26
70	34	34
394	133	261
391	179	196
459	222	237
367	95	272
335	137	198
390	141	249
437	157	280
371	111	260
373	87	285
291	61	230
291	60	230
397	87	278
364	114	243
434	139	295
503	161	342
410	141	269
155	55	100
36	12	24
150	36	114
287	136	150
296	134	162
292	62	229
280	61	219
259	61	198
256	69	187
249	68	181
257	108	149
299	133	166
309	147	162
279	130	149
264	128	135
243	112	131
241	109	131
280	135	145
289	138	151
284	140	144
286	141	145
280	135	145
274	130	144
274	126	147
276	128	147
281	130	151
296	135	160
312	155	156
312	155	157
301	149	152
297	138	158
117	29	86
117	37	78
33	9	22
13	3	7
119	24	95
127	26	98
115	31	84
123	29	94
93	27	66
118	39	78
102	27	71
113	35	78
110	32	78
110	32	78
110	32	78
110	32	78
108	30	78
108	31	77
108	31	77
108	29	77
103	23	80
103	22	80
100	21	73
104	25	79
89	21	68
104	21	83
104	21	83
105	21	83
108	38	69
97	19	77
97	20	77
97	20	77
97	20	77
99	22	77
99	29	70
96	26	70
95	26	67
96	33	54
92	20	72
92	21	69
110	23	87
111	24	87
115	24	91
99	23	76
111	32	79
111	32	79
109	30	79
108	29	79
108	29	79
106	27	79
105	26	79
104	25	79
102	23	79
101	22	79
100	21	79
98	19	79
95	43	52
96	44	52
95	41	52
98	47	49
101	40	55
52	10	42
52	10	42
53	11	42
53	11	42
53	11	42
54	12	42
55	13	42
57	15	42
65	16	49
65	16	49
65	16	49
65	16	49
65	16	49
64	15	49
64	15	49
64	15	49
64	15	49
68	19	49
68	19	49
68	19	49
66	17	49
66	17	49
146	55	91
147	57	90
121	24	96
121	24	97
121	24	96
105	39	66
110	48	62
108	22	86
118	24	94
99	20	79
103	21	82
83	20	62
82	39	43
83	40	43
83	39	43
80	39	41
80	39	41
80	36	41
74	25	44
74	31	39
97	25	70
95	21	74
175	48	126
170	49	121
188	51	137
142	60	81
117	27	90
117	27	90
116	26	90
116	26	90
116	26	90
116	26	90
116	26	90
117	27	90
117	27	90
116	26	90
118	28	90
119	26	90
134	29	105
20	4	16
51	12	39
114	33	81
113	25	87
201	47	153
198	45	152
196	44	151
197	44	152
199	45	154
128	42	86
140	50	90
104	27	77
104	28	76
106	27	76
117	31	82
259	100	159
262	99	163
249	87	162
245	86	159
246	84	162
239	83	156
234	82	152
235	82	153
225	75	150
225	74	151
225	61	164
223	59	164
275	117	158
220	60	159
219	64	154
221	69	152
221	68	153
217	67	149
229	75	154
224	73	151
227	71	156
221	68	153
204	55	149
199	55	144
198	55	143
195	55	140
212	72	140
212	71	141
218	76	142
217	73	143
196	55	141
194	55	139
184	56	128
185	55	130
180	55	125
164	34	129
165	35	130
162	34	127
163	34	129
169	34	135
168	34	134
166	35	131
261	114	147
237	92	145
243	92	151
243	92	151
244	93	151
254	103	151
253	100	153
190	43	147
271	123	147
262	125	136
47	17	30
77	15	62
77	16	60
80	17	63
81	32	48
152	68	84
195	96	98
194	97	97
219	94	125
225	89	136
227	78	147
100	38	61
32	6	26
26	6	20
26	5	21
30	9	21
38	12	26
61	22	38
143	29	114
23	6	17
48	17	31
53	20	33
20	4	16
20	6	12
19	4	15
19	4	11
18	3	15
13	4	9
13	2	10
160	57	90
196	53	143
347	92	253
176	56	112
125	34	86
125	29	96
126	28	97
125	27	95
1952	673	1275
1960	673	1283
1957	673	1282
1940	673	1265
1930	673	1255
1919	673	1245
1909	673	1227
1895	673	1221
1888	673	1204
807	397	410
801	397	404
790	393	397
784	387	397
776	379	397
1890	498	1392
1884	492	1392
1873	480	1392
1863	471	1392
1867	458	1396
2798	1330	1454
2798	1336	1455
2798	1370	1422
2798	1380	1417
2769	1350	1408
13	2	10
1313	325	988
1412	307	1100
1412	307	1104
1394	307	1065
1394	307	1087
1394	307	1078
1394	307	1087
1395	307	1085
1395	307	1087
1395	307	1087
1395	307	1088
1395	307	1088
1395	307	1088
1395	307	1085
1395	307	1088
1395	307	1083
1395	307	1086
1395	307	1086
1395	307	1087
1395	307	1088
1395	307	1086
1395	307	1088
1395	307	1084
1395	307	1087
1395	307	1087
1395	307	1088
1395	307	1082
1395	307	1081
1395	307	1086
1395	307	1088
1398	309	1089
16	6	10
1839	522	1313
1852	522	1305
1886	523	1341
1254	433	821
1301	266	831
4769	2044	2714
4525	1837	2290
2233	448	1785
754	273	481
749	268	481
733	251	481
722	241	481
715	234	481
714	234	480
708	228	480
707	217	480
744	157	587
2044	927	1117
2064	927	1136
2044	927	1117
2046	927	1119
2038	927	1111
2011	927	1084
2826	1317	1508
3183	1576	1606
2317	689	1628
2281	690	1588
2261	690	1570
2239	690	1549
2194	690	1502
2162	690	1469
2121	690	1426
2100	690	1409
2083	690	1393
2058	690	1368
2019	690	1329
1979	690	1289
1146	384	690
1125	435	690
1104	413	690
1066	354	712
1048	358	690
1028	338	690
1025	335	690
1025	335	690
981	291	690
965	275	690
942	252	690
934	244	690
1468	445	1023
1473	449	1023
1462	438	1023
1456	432	1023
1437	398	1023
1438	424	1014
1436	377	1014
18	3	15
12	4	8
39	7	32
55	23	32
52	22	30
44	17	27
1518	310	1206
1439	639	797
1090	250	729
588	249	339
1414	665	746
1601	357	1243
1618	353	1243
1276	279	739
84	37	47
83	36	47
82	35	47
80	33	47
78	31	47
11	3	8
37	16	21
78	16	48
45	16	29
62	12	50
57	12	45
20	9	11
20	9	11
20	9	11
13	5	8
53	20	33
13	6	7
1387	321	1065
1364	299	1065
1371	291	1064
17	4	13
14	2	12
22	10	12
1046	220	826
1044	218	826
1038	212	826
1037	208	826
925	247	677
902	226	676
828	233	593
476	115	360
474	114	360
471	111	360
470	109	360
469	109	360
488	122	360
13	4	9
248	56	192
1315	295	1020
2096	501	1592
1740	656	1081
1724	641	1081
1706	624	1081
1707	622	1081
1694	613	1081
1683	600	1081
1662	582	1079
1670	579	1076
110	32	78
81	25	56
81	25	56
81	24	57
2997	1436	1455
3119	1384	1615
58	26	29
1288	263	781
427	158	269
427	158	269
421	158	263
415	158	257
442	157	285
445	157	288
457	157	300
463	157	306
470	158	312
477	158	319
480	158	321
483	157	326
491	157	334
499	157	342
500	157	342
510	157	353
516	157	359
523	157	362
32	9	23
522	178	344
519	178	341
575	148	427
581	148	433
600	170	429
3304	884	2420
3314	865	2449
3328	849	2475
3337	849	2487
3193	849	2319
3212	1170	2042
3150	1177	1973
1779	591	1178
1058	216	842
249	58	191
1008	336	672
998	337	661
1255	597	639
1241	595	639
1237	597	639
1220	578	639
1212	566	639
1207	562	639
1194	555	639
1181	542	639
1173	534	639
1165	525	639
1152	513	639
1123	484	639
1107	468	639
852	212	639
850	211	639
850	211	639
850	211	639
850	211	639
850	211	639
850	211	639
1614	323	1291
2321	745	1576
2330	745	1578
2350	745	1591
2388	744	1636
2407	744	1623
3511	1155	2043
4195	1778	2412
2588	1171	1417
2236	1072	1164
244	107	114
228	107	121
20	5	15
1461	422	1039
1447	408	1039
1436	397	1039
1440	319	881
59	13	46
58	13	45
1310	306	1001
1310	306	1003
1315	306	940
1150	265	885
1219	425	772
2164	773	1391
2183	773	1408
2189	773	1415
2201	773	1428
2209	773	1436
2222	773	1449
2226	773	1453
2232	774	1458
2232	773	1458
2249	773	1474
2252	773	1478
2240	771	1466
2236	771	1464
2225	773	1451
2187	773	1413
2184	777	1407
2564	1274	1290
1587	331	1256
783	206	577
778	206	572
767	206	561
756	206	550
19	3	16
1421	497	924
642	147	495
639	147	492
639	147	492
637	147	490
637	147	490
637	147	490
636	147	489
1272	273	999
1264	265	999
1261	262	999
2595	1122	1464
1295	540	755
1310	540	766
1305	540	765
908	347	540
918	376	540
916	376	540
918	377	540
937	397	540
945	405	540
961	421	540
970	430	540
976	434	542
996	456	540
1004	463	540
1012	471	540
1012	471	540
1012	438	568
1012	472	540
1012	466	540
1012	472	540
1012	472	540
1012	472	540
1012	472	540
1012	470	540
1012	472	540
1012	472	540
1012	472	540
1012	472	540
1011	471	540
1011	471	540
1011	471	540
1011	471	540
1011	471	540
1011	469	540
1011	471	540
1011	472	539
839	183	656
827	183	644
822	183	639
810	183	627
800	183	611
1136	354	782
1483	678	803
1467	663	803
1448	645	803
1438	636	802
1434	631	800
1343	456	886
1323	437	886
1309	424	885
1296	411	885
1290	400	884
18	8	10
29	11	18
61	12	49
61	12	49
61	12	49
286	61	188
290	110	180
311	80	231
156	33	119
152	33	119
151	32	119
151	32	119
151	32	119
151	32	119
151	32	119
152	33	119
152	33	119
152	33	119
152	33	119
152	33	119
152	33	119
152	32	119
152	33	119
152	33	119
151	32	119
151	31	119
151	32	119
151	31	119
151	32	119
150	31	119
149	30	119
749	210	539
746	207	539
729	190	539
707	168	539
705	163	539
435	101	334
126	25	101
127	26	101
127	26	101
127	26	101
129	28	101
131	30	101
132	31	101
133	32	101
133	32	101
134	33	101
134	32	101
134	33	101
135	34	101
135	34	101
135	33	101
135	34	101
136	35	101
136	35	101
136	35	101
136	35	101
136	35	101
136	34	101
136	35	101
136	35	101
136	35	101
136	35	101
136	35	101
136	35	101
136	35	101
136	35	101
136	34	101
136	35	101
136	34	101
136	35	101
141	35	106
947	249	698
939	220	698
57	16	41
1415	324	1091
1404	311	1091
1390	295	1091
1373	282	1091
1369	276	1091
1040	339	698
1031	337	691
1031	338	693
1032	339	693
1032	339	693
1032	339	693
1032	339	693
1032	339	693
1032	339	693
1032	339	693
1032	335	693
1032	338	693
1032	339	693
1032	339	693
1032	339	693
1029	304	693
1029	336	693
1027	329	693
1013	320	693
1011	318	693
994	301	693
982	289	693
950	249	693
942	239	693
1620	692	928
1616	692	924
1588	692	887
1590	692	898
1587	692	894
1567	692	874
1564	692	867
1564	691	872
1752	380	1372
1746	376	1369
1758	393	1364
1751	386	1364
32	10	22
43	19	24
77	21	55
77	21	56
77	21	56
79	21	58
79	25	54
123	55	65
127	55	72
129	55	74
131	55	76
137	55	82
143	55	87
1863	619	1244
1858	614	1244
12	3	9
1031	248	783
1024	241	783
1018	235	783
739	365	374
730	353	377
1765	518	1247
1749	499	1247
1739	492	1247
1729	482	1247
1701	453	1247
1679	431	1247
1650	405	1245
1647	402	1245
1643	394	1245
1631	385	1245
1614	370	1244
1596	333	1244
1238	541	687
1234	541	685
1227	541	686
1209	541	668
1193	541	651
1190	541	649
1165	541	624
1026	441	585
3292	760	2515
1336	576	760
1326	576	750
2263	1019	1118
639	171	468
472	172	296
469	172	296
469	173	296
469	173	295
469	173	296
469	173	294
469	173	296
469	173	296
469	173	296
469	173	294
469	173	296
469	173	294
469	173	295
469	173	296
469	173	296
469	173	281
469	173	291
469	173	296
469	173	296
469	173	296
459	173	286
420	173	247
406	173	232
387	173	214
376	173	203
362	173	188
349	173	175
338	165	173
322	148	173
308	134	173
308	133	173
294	121	173
279	106	173
273	100	173
260	87	173
254	74	173
248	73	173
236	60	173
219	45	173
1222	302	917
1219	302	917
1210	302	905
1195	302	892
1179	302	877
1168	302	866
1144	302	842
1126	302	824
1594	387	1205
1587	380	1205
1586	364	1205
2431	1163	1205
4956	1204	3751
5012	1198	3787
5937	2735	3197
1513	655	857
1502	655	838
1494	658	836
1486	655	828
1473	655	818
1459	655	804
1819	655	1164
1811	655	1156
1801	655	1146
1054	385	656
1041	384	657
1041	380	657
1041	381	657
1042	382	657
1042	385	657
1042	385	657
1042	385	657
1042	386	656
1042	385	656
1042	381	656
1042	386	656
1042	378	657
1042	385	657
1042	385	657
1042	385	657
1042	384	657
1042	369	657
1042	384	657
1042	382	657
1042	385	657
1042	385	657
1043	386	657
1043	386	657
1043	383	656
1058	387	655
