20	17	#################
21	59	###########################################################
22	23	#######################
23	14	##############
24	21	#####################
25	36	####################################
26	11	###########
27	11	###########
28	16	################
29	17	#################
30	1	#
31	3	###
32	8	########
33	5	#####
34	0	
35	0	
36	0	
37	1	#
38	6	######
39	6	######
40	0	
41	4	####
42	8	########
43	0	
44	0	
45	0	
46	0	
47	0	
48	5	#####
49	2	##
50	1	#
51	1	#
52	5	#####
53	0	
54	0	
55	0	
56	0	
57	3	###
58	8	########
59	2	##
60	0	
61	8	########
62	6	######
63	1	#
64	0	
65	0	
66	1	#
67	6	######
68	11	###########
69	0	
70	1	#
71	19	###################
72	15	###############
73	8	########
74	12	############
75	39	#######################################
76	23	#######################
77	16	################
78	23	#######################
79	56	########################################################
80	12	############
