20	12	############
21	19	###################
22	9	#########
23	18	##################
24	7	#######
25	9	#########
26	6	######
27	1	#
28	9	#########
29	5	#####
30	9	#########
31	9	#########
32	18	##################
33	0	
34	1	#
35	4	####
36	5	#####
37	0	
38	0	
39	7	#######
40	0	
41	0	
42	0	
43	0	
44	1	#
45	5	#####
46	0	
47	0	
48	2	##
49	1	#
50	12	############
51	1	#
52	2	##
53	0	
54	0	
55	6	######
56	0	
57	1	#
58	0	
59	1	#
60	0	
61	7	#######
62	0	
63	1	#
64	7	#######
65	3	###
66	2	##
67	2	##
68	17	#################
69	10	##########
70	11	###########
71	4	####
72	7	#######
73	2	##
74	12	############
75	7	#######
76	8	########
77	16	################
78	11	###########
79	12	############
80	7	#######
