20	26	##########################
21	14	##############
22	2	##
23	2	##
24	4	####
25	0	
26	0	
27	0	
28	0	
29	1	#
30	1	#
31	1	#
32	5	#####
33	2	##
34	0	
35	4	####
36	1	#
37	1	#
38	0	
39	0	
40	1	#
41	1	#
42	12	############
43	8	########
44	3	###
45	10	##########
46	11	###########
47	3	###
48	6	######
49	1	#
50	34	##################################
51	1	#
52	5	#####
53	3	###
54	12	############
55	8	########
56	3	###
57	8	########
58	10	##########
59	0	
60	0	
61	0	
62	1	#
63	0	
64	1	#
65	4	####
66	2	##
67	4	####
68	3	###
69	3	###
70	0	
71	1	#
72	1	#
73	0	
74	1	#
75	1	#
76	2	##
77	3	###
78	4	####
79	17	#################
80	22	######################
