20	3	###
21	20	####################
22	5	#####
23	20	####################
24	21	#####################
25	7	#######
26	15	###############
27	5	#####
28	5	#####
29	2	##
30	0	
31	2	##
32	1	#
33	0	
34	5	#####
35	8	########
36	11	###########
37	7	#######
38	6	######
39	1	#
40	0	
41	1	#
42	0	
43	1	#
44	0	
45	3	###
46	5	#####
47	0	
48	3	###
49	0	
50	0	
51	2	##
52	1	#
53	1	#
54	6	######
55	2	##
56	0	
57	1	#
58	0	
59	1	#
60	0	
61	1	#
62	6	######
63	10	##########
64	9	#########
65	10	##########
66	2	##
67	0	
68	2	##
69	2	##
70	1	#
71	4	####
72	6	######
73	10	##########
74	14	##############
75	8	########
76	21	#####################
77	24	########################
78	2	##
79	11	###########
80	1	#
