20	21	#####################
21	19	###################
22	1	#
23	9	#########
24	6	######
25	0	
26	12	############
27	1	#
28	7	#######
29	2	##
30	2	##
31	2	##
32	3	###
33	3	###
34	8	########
35	2	##
36	0	
37	0	
38	0	
39	0	
40	1	#
41	5	#####
42	1	#
43	1	#
44	0	
45	0	
46	3	###
47	0	
48	0	
49	0	
50	0	
51	0	
52	0	
53	0	
54	4	####
55	0	
56	0	
57	0	
58	4	####
59	3	###
60	1	#
61	0	
62	0	
63	0	
64	1	#
65	5	#####
66	5	#####
67	3	###
68	2	##
69	4	####
70	2	##
71	1	#
72	9	#########
73	1	#
74	11	###########
75	1	#
76	5	#####
77	7	#######
78	3	###
79	17	#################
80	20	####################
