20	16	################
21	21	#####################
22	21	#####################
23	19	###################
24	8	########
25	8	########
26	6	######
27	17	#################
28	8	########
29	12	############
30	5	#####
31	7	#######
32	1	#
33	6	######
34	5	#####
35	8	########
36	3	###
37	0	
38	2	##
39	0	
40	0	
41	0	
42	0	
43	0	
44	0	
45	2	##
46	4	####
47	1	#
48	5	#####
49	4	####
50	11	###########
51	3	###
52	4	####
53	1	#
54	4	####
55	0	
56	1	#
57	0	
58	1	#
59	0	
60	1	#
61	0	
62	3	###
63	0	
64	3	###
65	9	#########
66	3	###
67	10	##########
68	0	
69	7	#######
70	6	######
71	13	#############
72	11	###########
73	12	############
74	5	#####
75	9	#########
76	11	###########
77	20	####################
78	18	##################
79	19	###################
80	11	###########
