20	20	####################
21	10	##########
22	5	#####
23	1	#
24	0	
25	1	#
26	14	##############
27	14	##############
28	6	######
29	1	#
30	2	##
31	2	##
32	4	####
33	6	######
34	4	####
35	6	######
36	6	######
37	0	
38	0	
39	0	
40	1	#
41	0	
42	0	
43	3	###
44	2	##
45	0	
46	1	#
47	3	###
48	6	######
49	0	
50	4	####
51	0	
52	7	#######
53	4	####
54	1	#
55	0	
56	1	#
57	2	##
58	0	
59	0	
60	1	#
61	1	#
62	0	
63	1	#
64	9	#########
65	7	#######
66	4	####
67	6	######
68	5	#####
69	0	
70	1	#
71	3	###
72	8	########
73	14	##############
74	8	########
75	3	###
76	0	
77	1	#
78	8	########
79	12	############
80	15	###############
