20	13	#############
21	4	####
22	7	#######
23	7	#######
24	1	#
25	3	###
26	3	###
27	1	#
28	0	
29	0	
30	0	
31	1	#
32	0	
33	0	
34	6	######
35	4	####
36	1	#
37	1	#
38	6	######
39	7	#######
40	4	####
41	0	
42	0	
43	8	########
44	1	#
45	5	#####
46	2	##
47	9	#########
48	7	#######
49	12	############
50	36	####################################
51	9	#########
52	4	####
53	13	#############
54	1	#
55	6	######
56	0	
57	8	########
58	0	
59	0	
60	5	#####
61	7	#######
62	5	#####
63	2	##
64	2	##
65	2	##
66	7	#######
67	0	
68	0	
69	0	
70	0	
71	0	
72	0	
73	1	#
74	2	##
75	6	######
76	2	##
77	5	#####
78	9	#########
79	2	##
80	11	###########
