20	2	##
21	1	#
22	5	#####
23	0	
24	5	#####
25	6	######
26	2	##
27	10	##########
28	6	######
29	0	
30	5	#####
31	4	####
32	2	##
33	0	
34	1	#
35	5	#####
36	3	###
37	1	#
38	0	
39	1	#
40	6	######
41	5	#####
42	14	##############
43	6	######
44	0	
45	3	###
46	3	###
47	0	
48	6	######
49	0	
50	2	##
51	1	#
52	4	####
53	1	#
54	1	#
55	4	####
56	2	##
57	7	#######
58	13	#############
59	2	##
60	6	######
61	3	###
62	0	
63	0	
64	1	#
65	4	####
66	1	#
67	0	
68	5	#####
69	2	##
70	4	####
71	0	
72	9	#########
73	9	#########
74	4	####
75	5	#####
76	3	###
77	0	
78	6	######
79	0	
80	1	#
